0.010176703
0.101980045
-0.08230364
-0.020216271
0.0010737181
0.09754899
0.015424684
-0.0561474
-0.011826761
-0.026012577
0.09810598
0.008889392
-0.0495136
0.03821087
0.06074901
-0.031563632
-0.09691374
0.08525871
-0.10191327
-0.069177695
-0.0022617728
-0.009229623
0.03197451
0.06928247
-0.0601716
-0.074037455
0.099861115
-0.050765365
-0.07183048
0.09381078
-0.03322182
-0.03239526
-0.09645574
0.09918931
0.06205754
-0.006929815
0.003007643
0.010671064
-0.09273208
0.08662164
0.092687204
-0.07324124
-0.0773592
0.00925938
0.09414746
0.07918693
-0.047670532
-0.043299604
-0.07508698
0.052255675
-0.04143386
-0.0126622245
-0.05905795
0.04623267
0.068428054
0.07743916
-0.0010349303
0.09987491
-0.09505488
-0.07632021
0.00762704
-0.09943737
0.09160268
0.037177682
0.08829309
-0.018414661
0.08836302
0.017103843
0.07010448
-0.034697205
0.07277104
0.035845384
0.04133095
-0.039294653
-0.037275925
0.0056664944
-0.01554589
0.056569323
-0.028876752
-0.07162066
-0.019677378
-0.07782239
-0.032815717
-0.053118415
-0.069778055
-0.08347114
0.016296625
0.025358573
0.053739622
0.026615351
-0.085058585
-0.03727439
0.05547847
0.060232893
-0.09656672
-0.09363835
-0.057426903
-0.09455298
-0.07013884
0.0157893
-0.03682076
-0.016980104
-0.025286198
-0.007773459
-0.020336404
-0.053892072
0.0033079684
-0.071651556
0.006719619
0.06492473
-0.06463161
0.02875182
0.027998462
-0.03480936
0.053743765
0.020309709
0.03010635
0.059516132
-0.07684511
-0.014823891
-0.0104889795
0.06787346
0.053946465
-0.03103058
-0.09008506
-0.040635817
-0.08320067
-0.013233088
0.07275942
0.038452953
-0.05573076
-0.029195622
-0.034589916
-0.09023699
0.08752549
-0.074380994
0.09279069
-0.009370804
0.0138659775
-0.099911824
0.06340319
0.048633173
0.0620434
-0.05318745
-0.083466835
0.084169075
0.09828612
-0.0151118785
0.09944077
-0.086086646
0.060271874
-0.056177206
-0.07123307
0.057625175
0.062405556
0.012546055
-0.06611301
-0.07674926
0.060174838
0.037617803
0.023944378
0.098948315
0.08427584
0.07920794
0.030296594
-0.0058072135
0.005507767
-0.032830775
-0.0044356287
0.06255789
-0.03274145
-0.093404
-0.09775602
0.04053542
-0.06150079
0.0030753613
0.04709132
0.0067223012
-0.055162597
-0.022125572
0.045978427
0.005744137
-0.02249077
0.074839056
-0.018039443
0.09152663
-0.015252188
-0.04010941
-0.04540061
-0.032269746
-0.088508196
0.07769403
0.0050113127
-0.06179238
-0.022110634
-0.054792803
0.0152072385
-0.0865356
0.043891147
-0.09539436
-0.09702261
0.0046664104
0.09653708
0.08120997
0.077922076
-0.09749215
0.08020386
-0.028345115
-0.07770918
0.046515256
-0.009500407
-0.060177587
-0.06095767
-0.08561312
-0.064451545
-0.028072603
0.06816982
-0.07670256
-0.048544835
-0.013300084
0.0060873404
-0.04726397
0.042397946
-0.006202124
-0.09916924
0.07324229
0.06849894
-0.036980905
0.08207841
-0.069334984
-0.059753038
-0.05406275
-0.048329655
-0.06743089
0.006159462
0.02893269
-0.062151566
0.09423725
-0.020262696
0.004418038
-0.0151671395
-0.0044943243
-0.03613478
0.01970052
-0.0018531382
0.03177017
0.034904763
0.031802654
-0.0013006255
0.048644826
0.011352427
-0.02834665
0.0060968995
0.0055308565
0.0038686097
0.08108027
-0.090348884
0.068298325
0.010393105
0.031647146
-0.019013003
0.048469454
0.071662486
-0.018183984
0.05214843
-0.06377058
-0.061635137
0.036764503
-0.05202061
0.10129094
0.07027835
0.02078516
-0.006514542
0.08017419
-0.0083814785
0.083120376
0.063514456
-0.02655451
-0.054912083
0.093317494
0.004701428
0.072528884
-0.035933614
-0.06676483
-0.013443381
-0.055780083
-0.0023368448
-0.09363791
-0.08322235
0.060952336
0.043161213
-0.08648331
0.101523
0.03073287
0.03317091
-0.046655606
-0.008414403
0.017447434
0.09365232
0.07866526
0.046458483
0.101708755
-0.017155938
-0.05682377
-0.05159336
0.086648315
-0.06945622
0.008404814
-0.043978922
-0.025858454
-0.036611617
0.07924785
0.023814633
-0.00012816489
-0.058667157
-0.053829707
-0.00024722517
0.009835377
0.028668001
-0.031245671
-0.049449872
-0.015757859
-0.07794556
0.05871977
0.0831586
0.05190994
-0.07350224
-0.084586024
0.05898711
0.09731196
-0.019099802
0.0114534125
0.089616105
0.076701805
-0.08879908
-0.015862346
-0.045749016
-0.075345606
-0.028701045
-0.059434466
0.080718756
0.04089202
-0.029528916
0.021646418
-0.067812726
0.057426617
-0.0005952716
-0.09633628
-0.03794188
0.08041823
-0.0152690485
0.064547196
0.06559795
0.074724734
0.053882465
-0.043226603
0.054824978
0.05326566
0.04588993
-0.012982726
0.06415981
-0.03422696
0.05652401
-0.02580066
0.09211749
-0.024412192
-0.086262725
0.017887771
0.06890684
-0.017596573
0.03454241
0.085588306
-0.05265868
-0.061295953
-0.07376292
0.09761731
0.06926291
-0.015355162
-0.053211905
-0.06379111
-0.030073598
-0.07401025
-0.012744717
-0.052098136
-0.08597401
0.06561571
-0.0873243
0.086415395
-0.04205711
0.037394404
0.06452116
0.011281252
-0.08046228
0.019533321
-0.049247127
-0.07179294
0.07714997
-0.020397305
0.06294912
-0.07189083
0.042029396
0.07787801
-0.04828128
0.014777198
0.085316405
-0.027898088
-0.07475011
0.055138066
0.060383186
0.01830069
0.013128869
0.029029548
-0.052192915
0.066511735
-0.05255142
0.06598072
-0.015707731
0.025270551
0.03477043
-0.008026965
-0.08637495
0.060975462
-0.026911773
-0.016422652
-0.0846646
0.03627993
0.05112323
0.03529471
0.0073738247
-0.097749524
-0.0018060356
0.056323037
-0.079586565
-0.0615926
-0.07958172
0.023722306
0.04288338
-0.08168319
-0.09821704
0.07607578
0.094890505
-0.060756575
0.053529024
0.035062894
-0.099770516
0.07102515
-0.09043108
-0.06100271
-0.09128925
0.036885887
0.02491203
0.09553091
-0.03337176
0.01465755
0.031099543
0.05934176
-0.057218924
0.09116091
-0.013794757
0.080386266
0.06420717
-0.08883585
0.08700383
-0.051515494
0.09289791
0.06813243
0.057815477
0.075118616
0.013816364
-0.011291154
0.027693704
-0.08142131
-0.05341706
-0.028876536
0.026834324
0.075558305
0.07889593
0.07175103
0.046581
-0.097060084
-0.04774261
-0.025698967
-0.05046896
-0.011459857
-0.007817477
0.01784791
-0.054164317
0.09154536
0.08075227
-0.045117438
-0.06780509
-0.085500576
0.082251474
-0.085237116
0.03906022
-0.09628263
0.059094578
-0.08546194
0.07790542
0.09227502
0.057709977
0.06076078
0.08516431
-0.06726048
0.06069912
0.08251347
-0.037497625
-0.07086026
0.09509428
-0.025207847
0.04865201
0.010032289
-0.026812054
-0.08312003
-0.04950231
0.071401164
0.0061677396
0.03825839
-0.010651648
0.01082544
-0.025548272
0.0082396865
-0.05346923
-0.097559795
-0.033236854
0.05794932
-0.046100657
0.007725522
-0.07999089
-0.04242579
-0.07676381
0.013627611
-0.018627048
0.026302949
0.034087047
0.0068531185
0.009426914
0.04075247
-0.095889814
-0.011240125
0.005160138
0.059648335
-0.029688813
-0.09803055
0.026732072
-0.02820082
0.026119918
-0.091098934
-0.051592264
-0.07787044
-0.049182665
-0.039417587
0.006196916
0.09243134
0.042205304
0.056637764
0.070171356
-0.084035754
-0.018393807
0.05298443
-0.099245526
-0.030596137
-0.033733793
0.0022840872
0.006946534
-0.047460414
0.012095764
-0.0022077784
0.08335145
-0.034373984
-0.09188571
0.005818799
-0.036850087
-0.007862933
0.06908204
-0.07325324
0.08065891
-0.009377934
-0.05533033
0.03928776
-0.090671666
0.03882298
0.05463636
0.034670994
0.098560855
0.029574394
-0.051823385
0.034385026
0.019525588
-0.06165794
0.059247777
0.06323837
-0.010453306
0.028352052
0.09168111
-0.06266792
0.0834582
-0.079713
0.055147678
0.08985664
-0.015656002
0.06241958
0.054146692
-0.049388647
-0.06444059
-0.06628359
-0.06678882
-0.07462896
-0.091407314
0.011388585
-0.047781955
-0.04327744
0.0033281147
0.09296374
-0.043036487
0.098106936
-0.0815157
0.025344864
0.006658204
0.020232938
0.06735538
-0.049591567
0.031050444
-0.0463493
0.044723243
-0.009414554
0.058264166
-0.04182171
-0.014009014
-0.045842845
0.022207186
0.048920587
-0.0005016327
0.011870123
-0.077786274
0.023770273
-0.08453084
0.038461223
-0.0913411
0.07158905
0.026799724
-0.06380445
-0.033814162
-0.06897904
0.0272751
-0.03299354
0.016608246
-0.061679937
0.05014941
0.08894865
0.08822028
-0.07176186
-0.00094562024
-0.06734027
0.09016764
0.07259698
-0.014933877
-0.05202504
-0.07240395
-0.087792136
0.090977564
0.06692855
0.0859198
0.034190193
-0.021818139
-0.08878392
-0.0005656332
0.07856397
0.053478107
0.09116167
-0.0553168
-0.015737295
0.037003458
0.05586964
0.099703
-0.027646624
0.06382176
-0.08661717
-0.099951684
0.048225313
-0.06934421
0.050666735
0.02050788
-0.004153922
0.056865096
0.06474778
0.061694562
0.05611825
0.040136322
0.0067131743
0.034810677
0.0071723014
-0.07959613
0.07420409
-0.10196854
0.09361407
-0.07689786
0.061305612
0.07729024
-0.070855
0.08928342
-0.006978214
0.098010495
-0.09830674
0.04363042
0.08039485
0.03272055
-0.026537284
0.012026444
0.04612927
0.015869088
0.056483492
-0.057949416
0.06072326
0.082761094
-0.067003354
0.042029426
-0.03172195
0.041952893
-0.021293052
-0.04163152
-0.015456125
-0.0412015
-0.05889015
0.09649968
0.095058635
-0.004785523
-0.044232186
-0.009753816
0.010889284
0.036185518
-0.02397409
0.012514524
-0.04782931
0.031889454
0.023138568
-0.08402957
0.018351153
0.053186864
-0.07877998
-0.07747233
0.04928215
-0.0778283
0.014802039
-0.08568882
-0.09108621
-0.0032983348
0.08410527
0.056665823
0.027227432
0.015263379
-0.015012965
-0.025388598
-0.039401405
0.10080384
0.036905423
0.01272355
-0.040325347
-0.002920553
-0.06820625
-0.04175684
-0.09835942
-0.10152195
-0.03925416
0.0915494
0.032732934
-0.006577246
0.012752458
0.09006795
0.09691335
-0.040243268
0.025510654
-0.019707672
0.042264238
-0.024432726
0.046749324
0.08227281
0.08656919
0.05950606
-0.02106388
-0.08751345
-0.09224925
-0.061147276
0.099482775
-0.007871084
-0.06462073
0.05573769
0.08878969
-0.09599082
0.03061618
-0.025954127
0.08443828
-0.02653066
-0.023328178
-0.010434493
0.07754792
0.063448444
-0.07468047
-0.006005287
-0.08586081
-0.04347164
0.072419286
0.0981181
0.0653256
-0.056338683
-0.076333076
0.097951055
0.071581334
-0.052118454
-0.09609012
0.0106845945
-0.06707625
-0.0450951
-0.009331308
-0.019434825
0.09916635
0.068259194
-0.09488053
-0.07536234
0.05748187
-0.06823689
0.0011335984
-0.03676898
0.027758077
-0.03921715
-0.0041350126
-0.034923628
-0.016643427
0.06782648
-0.086428046
0.026945159
0.09481627
-0.06429559
-0.049068835
0.024577335
0.056362465
-0.071689665
0.07123871
-0.0005500093
-0.024474554
0.02626735
-0.050322056
-0.04359898
-0.014530234
0.013276331
0.04787776
0.03211102
-0.04123822
0.037070796
0.005533628
-0.0040504783
0.048903823
-0.023494065
-0.050274752
-0.05789111
-0.00040118396
-0.05346276
0.088792756
-0.059181884
0.093103305
0.059390053
-0.0688405
-0.02351363
-0.06956829
